47
774
1978
sur
ainsi
211
18
46
970
2002
400
111
au
110
1987
2
221
170
1997
230
1985
2060
53
620
74
101
2014
aux
715
650
son
560
140
1992
1500
210
250
1953
ou
2006
1998
130
29
56
n
449
58
25
très
les
00
85
145
ont
173
7
150
2035
1959
10
125
des
290
1024
000
un
17
recherche
la
sont
600
270
1996
220
289
24
40
968
36
212
2000
2010
154
115
pas
694
on
559
6
1970
1989
1960
26
cette
606
142
410
9
2016
901
42
1982
897
1280
167
450
268
1981
sein
1983
64
11
15
1994
86
352
38
s
et
1160
117
3
1979
2013
3000
262
1980
93
35
2025
80
31
800
en
effet
l
2040
865
du
2100
750
280
75
60
2020
1015
alors
d
a
13
21
1809
aussi
1901
2005
à
106
22
est
dans
1993
631
128
8
88
deux
2050
141
747
aujourd
1990
1969
1991
55
2018
314
5000
292
2030
109
43
1780
2015
5
105
52
ce
une
ci
comme
plus
2012
leur
14
136
se
500
312
dont
1466
1946
254
ces
737
50
1961
19
1973
y
2008
12
été
72
260
mais
87
90
545
1000
126
33
1950
1995
16
2011
0
180
710
100
900
1954
qu
45
48
1925
2004
2007
32
ses
c
69
il
le
1859
30
être
95
27
845
215
350
ne
2001
qui
7000
65
avec
84
1
également
où
4
1940
200
2003
de
2023
23
2017
20
300
120
par
1600
2009
576
73
34
chercheurs
83
entre
866
2600
hui
178
que
700
61
276
pour
28
70
98
1963
